aNTGC0p00080p0p0p2001000flatPtGENSIM,0.0918298,0.00341877,126
aNTGC0p00080p0p0p200250GENSIM,0.0440698,0.00272342,20
aNTGC0p00080p0p0p250300GENSIM,0.0196251,0.000972938,20
aNTGC0p00080p0p0p300350GENSIM,0.0097949,0.000478093,20
aNTGC0p00080p0p0p350400GENSIM,0.00530668,0.000369108,20
aNTGC0p00080p0p0p400450GENSIM,0.00321159,0.000153086,20
aNTGC0p00080p0p0p450500GENSIM,0.00218227,0.000148689,20
aNTGC0p00080p0p0p500550GENSIM,0.00150565,6.97144e-05,20
aNTGC0p00080p0p0p550600GENSIM,0.00112444,7.69519e-05,20
aNTGC0p00080p0p0p600650GENSIM,0.000904684,3.8791e-05,20
aNTGC0p00080p0p0p650700GENSIM,0.00075383,4.47449e-05,20
aNTGC0p00080p0p0p700750GENSIM,0.000638241,3.60601e-05,20
aNTGC0p00080p0p0p750800GENSIM,0.000575885,2.80924e-05,20
aNTGC0p00080p0p0p800850GENSIM,0.000524455,2.85523e-05,20
aNTGC0p00080p0p0p850900GENSIM,0.000477445,2.0896e-05,20
aNTGC0p00080p0p0p900950GENSIM,0.000447029,2.49804e-05,20
aNTGC0p00080p0p0p9501000GENSIM,0.000425911,2.65915e-05,20
