DiPhotonJetsMGG80toInf13TeVamcatnloFXFXpythia8,138.61333056217790727,0.50312025669002258255,25
TGJetsTuneCP513TeVamcatnlomadspinpythia8,3.0550000000000001599,0,30
WGJetsMonoPhotonPtG130TuneCUETP8M113TeVmadgraph,0.65649808300215795054,0.0017777821951309182545,3
WToENuM100TuneCP513TeVpythia8,174.05165342351844515,0.22913552107018356208,14
WToMuNuM100TuneCP513TeVpythia8,174.21793207464310171,0.19943991056231805126,11
WToTauNuM100TuneCP513TeVpythia8tauola,174.02598767879371167,0.24961074955440878953,8
WWTuneCP513TeVpythia8,75.902747228128262691,0.089388119447453617816,41
WZTuneCP513TeVpythia8,27.570648216459193947,0.026512353864277443671,24
ZLLGJetsMonoPhotonPtG130TuneCUETP8M113TeVmadgraph,0.14817343978559438522,0.00020975936014566720373,4
ZNuNuGJetsMonoPhotonPtG130TuneCUETP8M113TeVmadgraph,0.18192026345374759377,0.00087067946392724348062,33
ZZTuneCP513TeVpythia8,12.13573576988881797,0.017810124799110409882,10
